function [PupCtr_LtX,PupCtr_LtY,PupCtr_RtX,PupCtr_RtY]=findPupilCenter(tromPwrL,tromPwrR)
%211202updated 211008updated
       p1 = -5.326; %-3; % -0.1664; %-1.178; %-0.9108 ;
       p2 = 1028; %980; %1001; %897.1; %881.5 ;
PupCtr_LtX = p1*tromPwrL + p2;

       p1 = -1.59; %-1.4; %-1.465; %-1.099; %-1.332 ;
       p2 =  613.1; %614;  %609.6; %621.7; %639.2 ;
PupCtr_LtY = p1*tromPwrL + p2;

       p1 = 2.999; %2.029; %2.3; %4.537; %4.426; %-2.701;  
       p2 = 865.5; %884.6; %876; %862.9 ; %863.8; % 944.4 ;
PupCtr_RtX = p1*tromPwrR + p2;

%        p1 = -0.32; %1.403; %1.027; %0.7171;
%        p2 = 585.2; %645.4; %634.7; %644.7;
       p1 = -0.7373; %0.1489; %1.403; %1.027; %0.7171;
       p2 = 573.2; %528.9; %645.4; %634.7; %644.7;
PupCtr_RtY = p1*tromPwrR + p2;

% % % 
% % % %        p1 = -0.6721;
% % % %        p2 = 887;
% % % %        p1 = -0.6916 ;
% % % %        p2 = 878.2 ;
%        p1 = -0.9108 ;
%        p2 = 881.5 ;
% PupCtr_LtX = p1*tromPwrL + p2;
% 
% % % 
% % % %        p1 =  -0.1972;
% % % %        p2 =  627.4;
% % % %        p1 = -1.188 ;
% % % %        p2 = 638.7 ;
%        p1 = -1.332 ;
%        p2 = 639.2 ;
% PupCtr_LtY = p1*tromPwrL + p2;
% 
% % % 
% % % %        p1 = -2.426;  
% % % %        p2 =  941.3 ; 
%        p1 = -2.701;  
%        p2 =  944.4 ;
% PupCtr_RtX = p1*tromPwrR + p2;
% 
% % % %  
% % % %        p1 = 0.4323;
% % % %        p2 = 648.3;
% 
%        p1 = 0.7171;
%        p2 = 644.7;
% PupCtr_RtY = p1*tromPwrR + p2;



